Criação das Apostas: 02/01/2026
Quantidade de Apostas: 20
Quantidade de Participantes: 1
Valor Total das Apostas: R$ 120.00
Valor Total por Participante: R$ 120.00
Valor do Prêmio: R$ 1000000
Valor do Prêmio por Participante: R$ 1000000.00
Tipos de Apostas: {MIN=7, MAX=7, RANDOM=0, MID=6}

Apostas:
[5,10,11,30,34,53]
[10,21,26,34,53,55]
[15,21,22,26,40,55]
[5,10,21,26,53,55]
[5,10,11,34,37,53]
[15,21,22,26,31,55]
[10,11,27,34,37,53]
[5,10,34,37,46,53]
[5,10,27,34,37,53]
[7,21,22,26,40,55]
[10,11,17,34,37,53]
[7,21,22,26,31,55]
[7,21,22,26,47,55]
[10,11,21,26,53,55]
[10,21,26,37,53,55]
[10,11,27,34,46,53]
[12,21,22,26,31,55]
[12,21,22,26,47,55]
[10,21,26,44,53,55]
[10,11,21,26,47,53]
